229678
251481
1562233
764267
1699901
1389780
348437
1680290
1314430
437503
2049268
1044291
1134665
1005010
2042641
1084043
1986971
420432
1429996
1225877
624627
397355
888705
962293
1440523
1669117
55189
1139894
1581482
1323565
1375141
1199129
549835
16170
777525
272939
310088
1863304
434613
763794
308575
355717
1793799
1882050
448743
417279
1805061
1244517
1479702
1056141
1070262
545964
919863
1282141
2072414
1992899
6488
399850
1097704
10443
346563
1599996
455938
1949046
1129054
255830
380929
492180
1139476
604117
108056
718629
242535
847320
1042652
504928
794345
1148226
588228
1461243
19422
1331369
1101047
158926
1505458
208284
1831935
1886617
646439
927018
